0.000000e+00
2.510219e-05
1.503145e-04
7.483882e-04
1.467627e-03
1.661089e-03
1.232788e-03
2.744164e-04
-1.024284e-03
-2.249393e-03
-3.049235e-03
-3.216068e-03
-2.752913e-03
-1.870331e-03
-9.149526e-04
-2.539887e-04
-1.541841e-04
-6.951070e-04
-1.744937e-03
-3.006058e-03
-4.114724e-03
-4.761426e-03
-4.792146e-03
-4.257391e-03
-3.393407e-03
-2.542486e-03
-2.039224e-03
-2.100497e-03
-2.755346e-03
-3.837391e-03
-5.041629e-03
-6.026238e-03
-6.525424e-03
-6.436063e-03
-5.849903e-03
-4.992868e-03
-4.243010e-03
-3.924699e-03
-4.207435e-03
-5.048040e-03
-6.208119e-03
-7.339849e-03
-8.109240e-03
-8.313192e-03
-7.949339e-03
-7.214682e-03
-6.434266e-03
-5.945687e-03
-5.980463e-03
-6.583919e-03
-7.601302e-03
-8.734267e-03
-9.647139e-03
-1.008512e-02
-9.962831e-03
-9.392402e-03
-8.614475e-03
-8.008825e-03
-7.871975e-03
-8.320223e-03
-9.247814e-03
-1.036932e-02
-1.132926e-02
-1.183696e-02
-1.177534e-02
-1.124313e-02
-1.051517e-02
-9.936748e-03
-9.792658e-03
-1.020043e-02
-1.106794e-02
-1.213045e-02
-1.305244e-02
-1.355483e-02
-1.351959e-02
-1.303240e-02
-1.234803e-02
-1.179232e-02
-1.163854e-02
-1.200493e-02
-1.281183e-02
-1.381398e-02
-1.469480e-02
-1.518662e-02
-1.517097e-02
-1.472157e-02
-1.407436e-02
-1.353666e-02
-1.337047e-02
-1.369423e-02
-1.443971e-02
-1.537988e-02
-1.621627e-02
-1.669230e-02
-1.668955e-02
-1.627080e-02
-1.565433e-02
-1.512981e-02
-1.494828e-02
-1.522791e-02
-1.591093e-02
-1.678739e-02
-1.757605e-02
-1.803117e-02
-1.803478e-02
-1.763968e-02
-1.702733e-02
-1.650577e-02
-1.633490e-02
-1.662963e-02
-1.731533e-02
-1.816009e-02
-1.886971e-02
-1.920673e-02
-1.908520e-02
-1.860340e-02
-1.797917e-02
-1.754568e-02
-1.753464e-02
-1.799009e-02
-1.875152e-02
-1.952606e-02
-2.001731e-02
-2.005411e-02
-1.966334e-02
-1.905581e-02
-1.853242e-02
-1.835236e-02
-1.862096e-02
-1.924586e-02
-1.997946e-02
-2.052838e-02
-2.068142e-02
-2.040031e-02
-1.983417e-02
-1.925246e-02
-1.892644e-02
-1.901131e-02
-1.948015e-02
-2.013787e-02
-2.070794e-02
-2.095353e-02
-2.077983e-02
-2.027355e-02
-1.966296e-02
-1.921704e-02
-1.912813e-02
-1.942926e-02
-1.998177e-02
-2.053759e-02
-2.084834e-02
-2.076095e-02
-2.028915e-02
-1.964554e-02
-1.911869e-02
-1.893613e-02
-1.915795e-02
-1.965059e-02
-2.015222e-02
-2.039770e-02
-2.024354e-02
-1.973394e-02
-1.907753e-02
-1.854705e-02
-1.834994e-02
-1.853150e-02
-1.895556e-02
-1.937095e-02
-1.953125e-02
-1.931087e-02
-1.876261e-02
-1.809057e-02
-1.755200e-02
-1.733548e-02
-1.747290e-02
-1.782644e-02
-1.815565e-02
-1.823203e-02
-1.794651e-02
-1.735933e-02
-1.666950e-02
-1.611926e-02
-1.587943e-02
-1.596983e-02
-1.625185e-02
-1.649577e-02
-1.649017e-02
-1.614124e-02
-1.551554e-02
-1.477560e-02
-1.420349e-02
-1.396516e-02
-1.404985e-02
-1.427798e-02
-1.439561e-02
-1.420586e-02
-1.366931e-02
-1.292208e-02
-1.220366e-02
-1.173254e-02
-1.159426e-02
-1.169931e-02
-1.183138e-02
-1.176021e-02
-1.136001e-02
-1.067270e-02
-9.884148e-03
-9.226844e-03
-8.859881e-03
-8.788255e-03
-8.862370e-03
-8.856941e-03
-8.587719e-03
-8.005593e-03
-7.220031e-03
-6.440780e-03
-5.868843e-03
-5.593395e-03
-5.547506e-03
-5.542306e-03
-5.351036e-03
-4.844403e-03
-4.066236e-03
-3.206904e-03
-2.496126e-03
-2.075520e-03
-1.921601e-03
-1.861090e-03
-1.668793e-03
-1.192813e-03
-4.375217e-04
4.409681e-04
1.223128e-03
1.748156e-03
2.001968e-03
2.122902e-03
2.323099e-03
2.770199e-03
3.495259e-03
4.377423e-03
5.212758e-03
5.828036e-03
6.175970e-03
6.359542e-03
6.572946e-03
6.992953e-03
7.681397e-03
8.552540e-03
9.422423e-03
1.011181e-02
1.054510e-02
1.079059e-02
1.103078e-02
1.145167e-02
1.214234e-02
1.303275e-02
1.393724e-02
1.466549e-02
1.513473e-02
1.541686e-02
1.569374e-02
1.614836e-02
1.685682e-02
1.774496e-02
1.863408e-02
1.934772e-02
1.981550e-02
2.011298e-02
2.041494e-02
2.089082e-02
2.160482e-02
2.247947e-02
2.334322e-02
2.403278e-02
2.448916e-02
2.479081e-02
2.510531e-02
2.558919e-02
2.629573e-02
2.714491e-02
2.797240e-02
2.862749e-02
2.906162e-02
2.935539e-02
2.966913e-02
3.014707e-02
3.083252e-02
3.164362e-02
3.242330e-02
3.303279e-02
3.343306e-02
3.370621e-02
3.400528e-02
3.446288e-02
3.513802e-02
3.592521e-02
3.665850e-02
3.720430e-02
3.754463e-02
3.778653e-02
3.809286e-02
3.857913e-02
3.924151e-02
3.996090e-02
4.057925e-02
4.101105e-02
4.125866e-02
4.146791e-02
4.180181e-02
4.233043e-02
4.298500e-02
4.360618e-02
4.405247e-02
4.429497e-02
4.443491e-02
4.463335e-02
4.500176e-02
4.552759e-02
4.608450e-02
4.651891e-02
4.676024e-02
4.684352e-02
4.693343e-02
4.717644e-02
4.759326e-02
4.806553e-02
4.842476e-02
4.857670e-02
4.856917e-02
4.855440e-02
4.867542e-02
4.896093e-02
4.930594e-02
4.955083e-02
4.959927e-02
4.948779e-02
4.935657e-02
4.934472e-02
4.948794e-02
4.969382e-02
4.981162e-02
4.974376e-02
4.951644e-02
4.925021e-02
4.909873e-02
4.910065e-02
4.915677e-02
4.911003e-02
4.886948e-02
4.848042e-02
4.808640e-02
4.781484e-02
4.767725e-02
4.756199e-02
4.732381e-02
4.689821e-02
4.635058e-02
4.582263e-02
4.541985e-02
4.512934e-02
4.483177e-02
4.439675e-02
4.378514e-02
4.307821e-02
4.241181e-02
4.186886e-02
4.141520e-02
4.092826e-02
4.029470e-02
3.949907e-02
3.863431e-02
3.782704e-02
3.710498e-02
3.644928e-02
3.571828e-02
3.481465e-02
3.376837e-02
3.270870e-02
3.175147e-02
3.089978e-02
3.004344e-02
2.905582e-02
2.790306e-02
2.667174e-02
2.549240e-02
2.442679e-02
2.341615e-02
2.233401e-02
2.109633e-02
1.973314e-02
1.836095e-02
1.708133e-02
1.589413e-02
1.469967e-02
1.338642e-02
1.192735e-02
1.040197e-02
8.926393e-03
7.489572e-03
6.099511e-03
4.627575e-03
3.003164e-03
1.279149e-03
-4.193988e-04
-2.013043e-03
-3.540915e-03
-5.121352e-03
-6.839165e-03
-8.666357e-03
-1.048982e-02
-1.221812e-02
-1.386595e-02
-1.553780e-02
-1.732783e-02
-1.923139e-02
-2.115046e-02
-2.298639e-02
-2.473142e-02
-2.647348e-02
-2.831142e-02
-3.026158e-02
-3.224327e-02
-3.415524e-02
-3.596987e-02
-3.775682e-02
-3.961517e-02
-4.166679e-02
-4.376119e-02
-4.578747e-02
-4.770714e-02
-4.959035e-02
-5.154178e-02
-5.359309e-02
-5.567118e-02
-5.767289e-02
-5.956846e-02
-6.142889e-02
-6.335101e-02
-6.535795e-02
-6.737594e-02
-6.930941e-02
-7.113656e-02
-7.292856e-02
-7.477455e-02
-7.668991e-02
-7.860090e-02
-8.041940e-02
-8.213080e-02
-8.380585e-02
-8.552616e-02
-8.730024e-02
-8.905489e-02
-9.070932e-02
-9.225535e-02
-9.382941e-02
-9.544390e-02
-9.709490e-02
-9.869639e-02
-1.001739e-01
-1.015437e-01
-1.028911e-01
-1.042747e-01
-1.056611e-01
-1.069613e-01
-1.081274e-01
-1.092017e-01
-1.102673e-01
-1.114081e-01
-1.125068e-01
-1.134731e-01
-1.142969e-01
-1.150568e-01
-1.158224e-01
-1.165702e-01
-1.172113e-01
-1.176961e-01
-1.180703e-01
-1.184164e-01
-1.187536e-01
-1.190140e-01
-1.191235e-01
-1.190875e-01
-1.189812e-01
-1.188570e-01
-1.186815e-01
-1.183749e-01
-1.178766e-01
-1.172586e-01
-1.165984e-01
-1.158881e-01
-1.150450e-01
-1.140185e-01
-1.128533e-01
-1.116279e-01
-1.103507e-01
-1.089494e-01
-1.073653e-01
-1.056276e-01
-1.038128e-01
-1.019436e-01
-9.996003e-02
-9.779825e-02
-9.547256e-02
-9.305479e-02
-9.057980e-02
-8.800109e-02
-8.525270e-02
-8.233508e-02
-7.916030e-02
-7.591909e-02
-7.256878e-02
-6.903834e-02
-6.532998e-02
-6.151560e-02
-5.763573e-02
-5.364516e-02
-4.948048e-02
-4.515176e-02
-4.072915e-02
-3.624570e-02
-3.165488e-02
-2.690099e-02
-2.200096e-02
-1.702262e-02
-1.180861e-02
-6.486110e-03
-1.005487e-03
4.600926e-03
1.026300e-02
1.597173e-02
2.178431e-02
2.773033e-02
3.376107e-02
3.981620e-02
4.590558e-02
5.208433e-02
5.836086e-02
6.467645e-02
7.098464e-02
7.730995e-02
8.369933e-02
9.014121e-02
9.657323e-02
1.032708e-01
1.099638e-01
1.166870e-01
1.233996e-01
1.300371e-01
1.365986e-01
1.431300e-01
1.496315e-01
1.560413e-01
1.623181e-01
1.684884e-01
1.745830e-01
1.805687e-01
1.863836e-01
1.920172e-01
1.975056e-01
2.031958e-01
2.086582e-01
2.138467e-01
2.187872e-01
2.235006e-01
2.279373e-01
2.320380e-01
2.358101e-01
2.392831e-01
2.424266e-01
2.451766e-01
2.475212e-01
2.494908e-01
2.510746e-01
2.522582e-01
2.529178e-01
2.530832e-01
2.527532e-01
2.518666e-01
2.503896e-01
2.483493e-01
2.457512e-01
2.425418e-01
2.386871e-01
2.342131e-01
2.291323e-01
2.234007e-01
2.169861e-01
2.099145e-01
2.022067e-01
1.938300e-01
1.847559e-01
1.750118e-01
1.646284e-01
1.535857e-01
1.418616e-01
1.294865e-01
1.165017e-01
1.029027e-01
8.867571e-02
7.303681e-02
5.679972e-02
3.997572e-02
2.256717e-02
4.632287e-03
-1.375837e-02
-3.258086e-02
-5.181116e-02
-7.251415e-02
-9.349143e-02
-1.146978e-01
-1.360692e-01
-1.590654e-01
-1.819934e-01
-2.047706e-01
-2.272564e-01
-2.492846e-01
-2.707398e-01
-2.914913e-01
-3.094088e-01
-3.264880e-01
-3.426369e-01
-3.594289e-01
-3.730826e-01
-3.854297e-01
-3.963707e-01
-4.068957e-01
-4.145435e-01
-4.203199e-01
-4.241181e-01
-4.258570e-01
-4.250507e-01
-4.219011e-01
-4.163177e-01
-4.065547e-01
-3.958986e-01
-3.828104e-01
-3.656857e-01
-3.415627e-01
-3.199075e-01
-2.957593e-01
-2.674532e-01
-2.373376e-01
-2.032234e-01
-1.665765e-01
-1.275517e-01
-8.710756e-02
-4.482052e-02
-9.535394e-04
4.420869e-02
9.558667e-02
1.375606e-01
1.796703e-01
2.253950e-01
2.739552e-01
3.144125e-01
3.535217e-01
3.939016e-01
4.342877e-01
4.711162e-01
5.037613e-01
5.315996e-01
5.540050e-01
5.681106e-01
5.777143e-01
5.825238e-01
5.821221e-01
5.758860e-01
5.636111e-01
5.451481e-01
5.204016e-01
4.893498e-01
4.520616e-01
4.086916e-01
3.594736e-01
3.047350e-01
2.449137e-01
1.805531e-01
1.122879e-01
4.084818e-02
-3.292863e-02
-9.811250e-02
-1.636886e-01
-2.289577e-01
-2.931814e-01
-3.555836e-01
-4.153615e-01
-4.717030e-01
-5.237971e-01
-5.708394e-01
-6.137748e-01
-6.494522e-01
-6.770645e-01
-6.958830e-01
-7.052691e-01
-7.046893e-01
-6.937389e-01
-6.721643e-01
-6.398768e-01
-5.969596e-01
-5.436810e-01
-4.805098e-01
-4.081259e-01
-3.274173e-01
-2.394732e-01
-1.455795e-01
-6.037757e-02
2.711924e-02
1.157448e-01
2.042610e-01
2.913730e-01
3.757438e-01
4.560112e-01
5.308098e-01
5.987977e-01
6.586836e-01
7.092510e-01
7.493824e-01
7.780841e-01
7.945139e-01
7.980084e-01
7.881077e-01
7.645740e-01
7.274078e-01
6.768618e-01
6.134534e-01
5.379719e-01
4.514776e-01
3.552933e-01
2.509898e-01
1.403680e-01
2.543559e-02
-9.162305e-02
-2.084862e-01
-3.227411e-01
-4.319351e-01
-5.336277e-01
-6.254453e-01
-7.051384e-01
-7.706421e-01
-8.201370e-01
-8.521062e-01
-8.653859e-01
-8.592100e-01
-8.332473e-01
-7.876325e-01
-7.229860e-01
-6.404214e-01
-5.415378e-01
-4.283978e-01
-3.034940e-01
-1.697021e-01
-4.774342e-02
7.626998e-02
1.999224e-01
3.207419e-01
4.362515e-01
5.440216e-01
6.417232e-01
7.271809e-01
8.014260e-01
8.581178e-01
8.956638e-01
9.128899e-01
9.090818e-01
8.840155e-01
8.379762e-01
7.717660e-01
6.866989e-01
5.845808e-01
4.676768e-01
3.386628e-01
2.005654e-01
5.669120e-02
-8.945304e-02
-2.342467e-01
-3.740481e-01
-5.052900e-01
-6.245770e-01
-7.287789e-01
-8.151198e-01
-8.812563e-01
-9.253466e-01
-9.461057e-01
-9.428476e-01
-9.155111e-01
-8.646685e-01
-7.915155e-01
-6.978433e-01
-5.859931e-01
-4.587955e-01
-3.194957e-01
-1.716674e-01
-1.911703e-02
1.342204e-01
2.843888e-01
4.275193e-01
5.599361e-01
6.782548e-01
7.794721e-01
8.610443e-01
9.209528e-01
9.577542e-01
9.706138e-01
9.593220e-01
9.242911e-01
8.665356e-01
7.876353e-01
6.896844e-01
5.752277e-01
4.471858e-01
3.087713e-01
1.633992e-01
1.459323e-02
-1.341075e-01
-2.792392e-01
-4.174987e-01
-5.458206e-01
-6.614464e-01
-7.619826e-01
-8.454476e-01
-9.103057e-01
-9.554879e-01
-9.803992e-01
-9.849127e-01
-9.693527e-01
-9.344667e-01
-8.813893e-01
-8.115979e-01
-7.268623e-01
-6.291900e-01
-5.207676e-01
-4.039028e-01
-2.809664e-01
-1.543368e-01
-2.634969e-02
1.007496e-01
2.248470e-01
3.439962e-01
4.564476e-01
5.606713e-01
6.553728e-01
7.395015e-01
8.122532e-01
8.730667e-01
9.216158e-01
9.577974e-01
9.817153e-01
9.936618e-01
9.940955e-01
9.836190e-01
9.629544e-01
9.329199e-01
8.944061e-01
8.466075e-01
7.918081e-01
7.310961e-01
6.655495e-01
5.962175e-01
5.210534e-01
4.439405e-01
3.658686e-01
2.877395e-01
2.069666e-01
1.278197e-01
5.099038e-02
-2.584512e-02
-9.902817e-02
-1.681578e-01
-2.361758e-01
-2.991690e-01
-3.593649e-01
-4.139486e-01
-4.653207e-01
-5.107147e-01
-5.527441e-01
-5.898360e-01
-6.218650e-01
-6.485154e-01
-6.692697e-01
-6.832197e-01
-6.882859e-01
-6.764709e-01
-6.523595e-01
-6.214789e-01
-5.797707e-01
-5.374406e-01
-4.867626e-01
-4.271849e-01
-3.688798e-01
-3.035439e-01
-2.311018e-01
-1.516369e-01
-6.543267e-02
1.279622e-02
9.503934e-02
1.806471e-01
2.687908e-01
3.584533e-01
4.484237e-01
5.372986e-01
6.234901e-01
6.946473e-01
7.612454e-01
8.219942e-01
8.755649e-01
9.206181e-01
9.558357e-01
9.799568e-01
9.918171e-01
9.903903e-01
9.748314e-01
9.445204e-01
8.991041e-01
8.385343e-01
7.631013e-01
6.853641e-01
5.974077e-01
5.001360e-01
3.946778e-01
2.823785e-01
1.647856e-01
4.362862e-02
-7.920817e-02
-2.017188e-01
-3.218143e-01
-4.373656e-01
-5.462508e-01
-6.464041e-01
-7.358664e-01
-8.128344e-01
-8.757093e-01
-9.231406e-01
-9.540660e-01
-9.677442e-01
-9.637801e-01
-9.421418e-01
-9.031668e-01
-8.475594e-01
-7.763772e-01
-6.910088e-01
-5.931417e-01
-4.847230e-01
-3.679119e-01
-2.450279e-01
-1.184941e-01
9.220937e-03
1.356624e-01
2.584458e-01
3.753114e-01
4.841726e-01
5.831594e-01
6.706537e-01
7.453183e-01
8.061158e-01
8.523205e-01
8.835210e-01
8.996142e-01
9.007932e-01
8.875267e-01
8.605346e-01
8.207578e-01
7.693254e-01
7.075196e-01
6.367390e-01
5.584618e-01
4.742106e-01
3.855180e-01
2.938958e-01
2.008071e-01
1.076418e-01
1.569584e-02
-7.384509e-02
-1.599189e-01
-2.415958e-01
-3.180837e-01
-3.887296e-01
-4.530183e-01
-5.124139e-01
-5.643239e-01
-6.086053e-01
-6.452406e-01
-6.743242e-01
-6.960496e-01
-7.106950e-01
-7.186095e-01
-7.201994e-01
-7.159157e-01
-7.062417e-01
-6.916820e-01
-6.718009e-01
-6.477363e-01
-6.200712e-01
-5.877057e-01
-5.526163e-01
-5.140595e-01
-4.738434e-01
-4.325363e-01
-3.906534e-01
-3.486557e-01
-3.069504e-01
-2.658922e-01
-2.257851e-01
-1.852373e-01
-1.462403e-01
-1.089826e-01
-7.210159e-02
-3.739064e-02
-3.728735e-03
2.746942e-02
5.742465e-02
8.471195e-02
1.105576e-01
1.336182e-01
1.551224e-01
1.737952e-01
1.898073e-01
2.033374e-01
2.149529e-01
2.242944e-01
2.317754e-01
2.372516e-01
2.410270e-01
2.430864e-01
2.436209e-01
2.427030e-01
2.403914e-01
2.369010e-01
2.321414e-01
2.264675e-01
2.195460e-01
2.119538e-01
2.034091e-01
1.939181e-01
1.841405e-01
1.736040e-01
1.623067e-01
1.511082e-01
1.401164e-01
1.281543e-01
1.166461e-01
1.050998e-01
9.417876e-02
8.318455e-02
7.296688e-02
6.271357e-02
5.337392e-02
4.410942e-02
3.556395e-02
2.767134e-02
2.044979e-02
1.400219e-02
8.364064e-03
3.545464e-03
-4.091569e-04
-3.456054e-03
-4.743830e-03
-5.708372e-03
-6.493105e-03
-7.014943e-03
-7.181955e-03
-7.109577e-03
-6.958225e-03
-6.734287e-03
-6.437266e-03
-6.039615e-03
-5.562677e-03
-4.873240e-03
-4.301754e-03
-3.745741e-03
-3.190818e-03
-2.639442e-03
-2.349887e-03
-2.052976e-03
-1.767159e-03
-1.452663e-03
-1.132161e-03
-7.777686e-04
-6.741318e-04
-5.617598e-04
-4.608398e-04
-3.704926e-04
-2.842093e-04
-2.047631e-04
-1.294229e-04
-6.437460e-05
-1.485579e-07
5.693523e-05
9.925841e-05
