0.000000e+00
5.000000e-14
3.000000e-13
1.550000e-12
3.579398e-12
5.608796e-12
7.638193e-12
9.667591e-12
1.179325e-11
1.391891e-11
1.604457e-11
1.817022e-11
2.029588e-11
2.242154e-11
2.454720e-11
2.667285e-11
2.879851e-11
3.092417e-11
3.304983e-11
3.517549e-11
3.730114e-11
3.942680e-11
4.155246e-11
4.367812e-11
4.580378e-11
4.792943e-11
5.005509e-11
5.218075e-11
5.430641e-11
5.643207e-11
5.855772e-11
6.068338e-11
6.280904e-11
6.493470e-11
6.706036e-11
6.925816e-11
7.145597e-11
7.365378e-11
7.585158e-11
7.804939e-11
8.024720e-11
8.244501e-11
8.464281e-11
8.684062e-11
8.903843e-11
9.123623e-11
9.343404e-11
9.563185e-11
9.782965e-11
1.000275e-10
1.022253e-10
1.044231e-10
1.066209e-10
1.088187e-10
1.110165e-10
1.132143e-10
1.154952e-10
1.177762e-10
1.200571e-10
1.223381e-10
1.246190e-10
1.268999e-10
1.291809e-10
1.314618e-10
1.337428e-10
1.360237e-10
1.383047e-10
1.405856e-10
1.428665e-10
1.451475e-10
1.474284e-10
1.497094e-10
1.519903e-10
1.542712e-10
1.565522e-10
1.588331e-10
1.611141e-10
1.633950e-10
1.656760e-10
1.679569e-10
1.702378e-10
1.725188e-10
1.747997e-10
1.770807e-10
1.793616e-10
1.816425e-10
1.839235e-10
1.862044e-10
1.884854e-10
1.907663e-10
1.930472e-10
1.953282e-10
1.976091e-10
1.998901e-10
2.021710e-10
2.044520e-10
2.067329e-10
2.090138e-10
2.112948e-10
2.135757e-10
2.158567e-10
2.181376e-10
2.204185e-10
2.226995e-10
2.249804e-10
2.272614e-10
2.296195e-10
2.319777e-10
2.343359e-10
2.366940e-10
2.390522e-10
2.414103e-10
2.437685e-10
2.461267e-10
2.484848e-10
2.508430e-10
2.532983e-10
2.557535e-10
2.582088e-10
2.606641e-10
2.631194e-10
2.655746e-10
2.680299e-10
2.704852e-10
2.729404e-10
2.753957e-10
2.778510e-10
2.803063e-10
2.827615e-10
2.852168e-10
2.876721e-10
2.901273e-10
2.925826e-10
2.950379e-10
2.974932e-10
2.999484e-10
3.024037e-10
3.048590e-10
3.073142e-10
3.097695e-10
3.122248e-10
3.146801e-10
3.171353e-10
3.195906e-10
3.220459e-10
3.245011e-10
3.269564e-10
3.294117e-10
3.318670e-10
3.343222e-10
3.367775e-10
3.393393e-10
3.419010e-10
3.444628e-10
3.470245e-10
3.495863e-10
3.521480e-10
3.547098e-10
3.572715e-10
3.598333e-10
3.623950e-10
3.649568e-10
3.675185e-10
3.700803e-10
3.726420e-10
3.752038e-10
3.777655e-10
3.803273e-10
3.828890e-10
3.854508e-10
3.880125e-10
3.905743e-10
3.931361e-10
3.956978e-10
3.982596e-10
4.008213e-10
4.033831e-10
4.059448e-10
4.085066e-10
4.110683e-10
4.136301e-10
4.161918e-10
4.187536e-10
4.213153e-10
4.238771e-10
4.264388e-10
4.290006e-10
4.315623e-10
4.341241e-10
4.368046e-10
4.394850e-10
4.421655e-10
4.448460e-10
4.475265e-10
4.502070e-10
4.528874e-10
4.555679e-10
4.582484e-10
4.609289e-10
4.636094e-10
4.662898e-10
4.689703e-10
4.716508e-10
4.743313e-10
4.770117e-10
4.796922e-10
4.823727e-10
4.850532e-10
4.877337e-10
4.904141e-10
4.930946e-10
4.957751e-10
4.984556e-10
5.011361e-10
5.038165e-10
5.064970e-10
5.091775e-10
5.118580e-10
5.145384e-10
5.173246e-10
5.201108e-10
5.228969e-10
5.256831e-10
5.284693e-10
5.312555e-10
5.340416e-10
5.368278e-10
5.396140e-10
5.424001e-10
5.451863e-10
5.479725e-10
5.507586e-10
5.535448e-10
5.563310e-10
5.591171e-10
5.619033e-10
5.646895e-10
5.674756e-10
5.702618e-10
5.730480e-10
5.758341e-10
5.786203e-10
5.814065e-10
5.841926e-10
5.869788e-10
5.897650e-10
5.925511e-10
5.953373e-10
5.981235e-10
6.009096e-10
6.036958e-10
6.064820e-10
6.093650e-10
6.122481e-10
6.151311e-10
6.180141e-10
6.208972e-10
6.237802e-10
6.266633e-10
6.295463e-10
6.324294e-10
6.353124e-10
6.381955e-10
6.410785e-10
6.439615e-10
6.468446e-10
6.497276e-10
6.526107e-10
6.554937e-10
6.583768e-10
6.612598e-10
6.641429e-10
6.670259e-10
6.699089e-10
6.727920e-10
6.756750e-10
6.785581e-10
6.814411e-10
6.843242e-10
6.872072e-10
6.900902e-10
6.929733e-10
6.958563e-10
6.987394e-10
7.016224e-10
7.045055e-10
7.073885e-10
7.102716e-10
7.131546e-10
7.160376e-10
7.189207e-10
7.218037e-10
7.246868e-10
7.275698e-10
7.305510e-10
7.335322e-10
7.365134e-10
7.394946e-10
7.424758e-10
7.454570e-10
7.484382e-10
7.514194e-10
7.544006e-10
7.573819e-10
7.603631e-10
7.634568e-10
7.665506e-10
7.696443e-10
7.727381e-10
7.758318e-10
7.789256e-10
7.820193e-10
7.851131e-10
7.882069e-10
7.913006e-10
7.943944e-10
7.974881e-10
8.005819e-10
8.036756e-10
8.067694e-10
8.100123e-10
8.132552e-10
8.164981e-10
8.197410e-10
8.229839e-10
8.262268e-10
8.294696e-10
8.327125e-10
8.359554e-10
8.391983e-10
8.424412e-10
8.456841e-10
8.489270e-10
8.521699e-10
8.554128e-10
8.586557e-10
8.618986e-10
8.651415e-10
8.683844e-10
8.716273e-10
8.748702e-10
8.781130e-10
8.813559e-10
8.847167e-10
8.880774e-10
8.914382e-10
8.947989e-10
8.981596e-10
9.015204e-10
9.048811e-10
9.082418e-10
9.116026e-10
9.149633e-10
9.183241e-10
9.216848e-10
9.250455e-10
9.284063e-10
9.317670e-10
9.351277e-10
9.384885e-10
9.418492e-10
9.452100e-10
9.485707e-10
9.519314e-10
9.552922e-10
9.586529e-10
9.620136e-10
9.653744e-10
9.687351e-10
9.720959e-10
9.754566e-10
9.788173e-10
9.823506e-10
9.858839e-10
9.894171e-10
9.929504e-10
9.964837e-10
1.000017e-09
1.003550e-09
1.007083e-09
1.010617e-09
1.014150e-09
1.017683e-09
1.021217e-09
1.024750e-09
1.028283e-09
1.031816e-09
1.035350e-09
1.038883e-09
1.042416e-09
1.045949e-09
1.049483e-09
1.053016e-09
1.056549e-09
1.060082e-09
1.063616e-09
1.067149e-09
1.070682e-09
1.074385e-09
1.078087e-09
1.081789e-09
1.085492e-09
1.089194e-09
1.092897e-09
1.096599e-09
1.100301e-09
1.104004e-09
1.107706e-09
1.111408e-09
1.115111e-09
1.118813e-09
1.122516e-09
1.126218e-09
1.129920e-09
1.133623e-09
1.137325e-09
1.141027e-09
1.144730e-09
1.148432e-09
1.152135e-09
1.155837e-09
1.159539e-09
1.163242e-09
1.166944e-09
1.170647e-09
1.174349e-09
1.178213e-09
1.182077e-09
1.185941e-09
1.189805e-09
1.193668e-09
1.197532e-09
1.201396e-09
1.205260e-09
1.209124e-09
1.212988e-09
1.216852e-09
1.220716e-09
1.224580e-09
1.228444e-09
1.232308e-09
1.236171e-09
1.240035e-09
1.243899e-09
1.247763e-09
1.251627e-09
1.255491e-09
1.259355e-09
1.263219e-09
1.267083e-09
1.270947e-09
1.274811e-09
1.278674e-09
1.282538e-09
1.286572e-09
1.290605e-09
1.294639e-09
1.298672e-09
1.302706e-09
1.306739e-09
1.310773e-09
1.314806e-09
1.318839e-09
1.322873e-09
1.326906e-09
1.330940e-09
1.334973e-09
1.339205e-09
1.343437e-09
1.347668e-09
1.351900e-09
1.356132e-09
1.360364e-09
1.364595e-09
1.368827e-09
1.373059e-09
1.377291e-09
1.381522e-09
1.385754e-09
1.389986e-09
1.394218e-09
1.398449e-09
1.402681e-09
1.406913e-09
1.411144e-09
1.415376e-09
1.419830e-09
1.424285e-09
1.428739e-09
1.433193e-09
1.437647e-09
1.442102e-09
1.446556e-09
1.451010e-09
1.455464e-09
1.459919e-09
1.464373e-09
1.468827e-09
1.473281e-09
1.477736e-09
1.482190e-09
1.486644e-09
1.491098e-09
1.495552e-09
1.500007e-09
1.504461e-09
1.508915e-09
1.513369e-09
1.518047e-09
1.522724e-09
1.527401e-09
1.532078e-09
1.536756e-09
1.541433e-09
1.546110e-09
1.550787e-09
1.555465e-09
1.560142e-09
1.564819e-09
1.569496e-09
1.574174e-09
1.578851e-09
1.583528e-09
1.588205e-09
1.593052e-09
1.597899e-09
1.602746e-09
1.607592e-09
1.612439e-09
1.617286e-09
1.622132e-09
1.626979e-09
1.631826e-09
1.636673e-09
1.641519e-09
1.646366e-09
1.651213e-09
1.656059e-09
1.660906e-09
1.665753e-09
1.670600e-09
1.675446e-09
1.680293e-09
1.685372e-09
1.690451e-09
1.695531e-09
1.700610e-09
1.705689e-09
1.710768e-09
1.715848e-09
1.720927e-09
1.726006e-09
1.731085e-09
1.736165e-09
1.741244e-09
1.746323e-09
1.751402e-09
1.756481e-09
1.761561e-09
1.766973e-09
1.772384e-09
1.777796e-09
1.783208e-09
1.788620e-09
1.794032e-09
1.799444e-09
1.804856e-09
1.810268e-09
1.815680e-09
1.821092e-09
1.826504e-09
1.831916e-09
1.837328e-09
1.843016e-09
1.848705e-09
1.854393e-09
1.860082e-09
1.865770e-09
1.871459e-09
1.877147e-09
1.882836e-09
1.888524e-09
1.894213e-09
1.899902e-09
1.905590e-09
1.911279e-09
1.916967e-09
1.922656e-09
1.928344e-09
1.934033e-09
1.939721e-09
1.945410e-09
1.951098e-09
1.956787e-09
1.962475e-09
1.968164e-09
1.973853e-09
1.979541e-09
1.985230e-09
1.991227e-09
1.997223e-09
2.003220e-09
2.009217e-09
2.015214e-09
2.021211e-09
2.027208e-09
2.033205e-09
2.039550e-09
2.045894e-09
2.052239e-09
2.058584e-09
2.065397e-09
2.072210e-09
2.079023e-09
2.085836e-09
2.092649e-09
2.099462e-09
2.106275e-09
2.112405e-09
2.118536e-09
2.124666e-09
2.131516e-09
2.137601e-09
2.143685e-09
2.149770e-09
2.156658e-09
2.162877e-09
2.169096e-09
2.175314e-09
2.182227e-09
2.188474e-09
2.194720e-09
2.200967e-09
2.208278e-09
2.214264e-09
2.220251e-09
2.226790e-09
2.234525e-09
2.240544e-09
2.246563e-09
2.252947e-09
2.259153e-09
2.265644e-09
2.272135e-09
2.278626e-09
2.285001e-09
2.291377e-09
2.297752e-09
2.304127e-09
2.311225e-09
2.316954e-09
2.322683e-09
2.328932e-09
2.335668e-09
2.341425e-09
2.347182e-09
2.353414e-09
2.360085e-09
2.366755e-09
2.373425e-09
2.380096e-09
2.386766e-09
2.392330e-09
2.397894e-09
2.403458e-09
2.409291e-09
2.415124e-09
2.420957e-09
2.426790e-09
2.432623e-09
2.438456e-09
2.444289e-09
2.450122e-09
2.455955e-09
2.461788e-09
2.467621e-09
2.473454e-09
2.479287e-09
2.485120e-09
2.490953e-09
2.496015e-09
2.501076e-09
2.506137e-09
2.511198e-09
2.516260e-09
2.521321e-09
2.526382e-09
2.531444e-09
2.536505e-09
2.541798e-09
2.547091e-09
2.552384e-09
2.557678e-09
2.562971e-09
2.568264e-09
2.573557e-09
2.578850e-09
2.584144e-09
2.589437e-09
2.594730e-09
2.600023e-09
2.605316e-09
2.610609e-09
2.615903e-09
2.621196e-09
2.625791e-09
2.630387e-09
2.634983e-09
2.639578e-09
2.644174e-09
2.648769e-09
2.653365e-09
2.657960e-09
2.662556e-09
2.667152e-09
2.671747e-09
2.676343e-09
2.680938e-09
2.685534e-09
2.690129e-09
2.694725e-09
2.699321e-09
2.703916e-09
2.708512e-09
2.713107e-09
2.717703e-09
2.722298e-09
2.726894e-09
2.731490e-09
2.736085e-09
2.740681e-09
2.745276e-09
2.749872e-09
2.754467e-09
2.759063e-09
2.763658e-09
2.768254e-09
2.772850e-09
2.777445e-09
2.782041e-09
2.786636e-09
2.791232e-09
2.795827e-09
2.800423e-09
2.805019e-09
2.809614e-09
2.814210e-09
2.818805e-09
2.823401e-09
2.827996e-09
2.832592e-09
2.836617e-09
2.840641e-09
2.844666e-09
2.848691e-09
2.852715e-09
2.856740e-09
2.860765e-09
2.864789e-09
2.869005e-09
2.873221e-09
2.877437e-09
2.881653e-09
2.885869e-09
2.890085e-09
2.894300e-09
2.898516e-09
2.902732e-09
2.906948e-09
2.911164e-09
2.915380e-09
2.919595e-09
2.923811e-09
2.928027e-09
2.932243e-09
2.936459e-09
2.940675e-09
2.944891e-09
2.949106e-09
2.953322e-09
2.957538e-09
2.961754e-09
2.965970e-09
2.970186e-09
2.974402e-09
2.978617e-09
2.982833e-09
2.987049e-09
2.991265e-09
2.995481e-09
2.999697e-09
3.003913e-09
3.008128e-09
3.012344e-09
3.016560e-09
3.020776e-09
3.024992e-09
3.029208e-09
3.033423e-09
3.037639e-09
3.041855e-09
3.046071e-09
3.050287e-09
3.054503e-09
3.058719e-09
3.062934e-09
3.067150e-09
3.071366e-09
3.075582e-09
3.079798e-09
3.084014e-09
3.088230e-09
3.092445e-09
3.096661e-09
3.100877e-09
3.105093e-09
3.109309e-09
3.113525e-09
3.117741e-09
3.121956e-09
3.126172e-09
3.130388e-09
3.134604e-09
3.138820e-09
3.143036e-09
3.147252e-09
3.151467e-09
3.155683e-09
3.159899e-09
3.164115e-09
3.168331e-09
3.172547e-09
3.176762e-09
3.180978e-09
3.185194e-09
3.189410e-09
3.193626e-09
3.197842e-09
3.202058e-09
3.206273e-09
3.210489e-09
3.214705e-09
3.218921e-09
3.223137e-09
3.227353e-09
3.231569e-09
3.235784e-09
3.240000e-09
3.244216e-09
3.248432e-09
3.252648e-09
3.256864e-09
3.261080e-09
3.265444e-09
3.269808e-09
3.274172e-09
3.278537e-09
3.282901e-09
3.287447e-09
3.291993e-09
3.296539e-09
3.301086e-09
3.305833e-09
3.310580e-09
3.315328e-09
3.320266e-09
3.325203e-09
3.330141e-09
3.335335e-09
3.340528e-09
3.345943e-09
3.351357e-09
3.357045e-09
3.362734e-09
3.368796e-09
3.375102e-09
3.381718e-09
3.388718e-09
3.396217e-09
3.404434e-09
3.413905e-09
3.426652e-09
3.436364e-09
3.444432e-09
3.452500e-09
3.459018e-09
3.465536e-09
3.472054e-09
3.477624e-09
3.483193e-09
3.488762e-09
3.494331e-09
3.499901e-09
3.504637e-09
3.509373e-09
3.514110e-09
3.518846e-09
3.523582e-09
3.528318e-09
3.533055e-09
3.537791e-09
3.541895e-09
3.545999e-09
3.550102e-09
3.554206e-09
3.558310e-09
3.562413e-09
3.566517e-09
3.570621e-09
3.574725e-09
3.578828e-09
3.582932e-09
3.587036e-09
3.591140e-09
3.595243e-09
3.598836e-09
3.602429e-09
3.606021e-09
3.609614e-09
3.613207e-09
3.616800e-09
3.620392e-09
3.623985e-09
3.627578e-09
3.631170e-09
3.634763e-09
3.638356e-09
3.641949e-09
3.645541e-09
3.649134e-09
3.652727e-09
3.656319e-09
3.659912e-09
3.663505e-09
3.667098e-09
3.670690e-09
3.674283e-09
3.677876e-09
3.681469e-09
3.685061e-09
3.688654e-09
3.692247e-09
3.695839e-09
3.699432e-09
3.703025e-09
3.706618e-09
3.710210e-09
3.713803e-09
3.717396e-09
3.720988e-09
3.724581e-09
3.728174e-09
3.731767e-09
3.735359e-09
3.738952e-09
3.742545e-09
3.746138e-09
3.749730e-09
3.753323e-09
3.756916e-09
3.760508e-09
3.764101e-09
3.767694e-09
3.771287e-09
3.774879e-09
3.778472e-09
3.782065e-09
3.785657e-09
3.789250e-09
3.792843e-09
3.796436e-09
3.800028e-09
3.803621e-09
3.807214e-09
3.810807e-09
3.814399e-09
3.817992e-09
3.821708e-09
3.825423e-09
3.829139e-09
3.832854e-09
3.836570e-09
3.840286e-09
3.844001e-09
3.847717e-09
3.851432e-09
3.855148e-09
3.858864e-09
3.862579e-09
3.866463e-09
3.870347e-09
3.874230e-09
3.878316e-09
3.882401e-09
3.886630e-09
3.890859e-09
3.895089e-09
3.899318e-09
3.903547e-09
3.907776e-09
3.912006e-09
3.916235e-09
3.920646e-09
3.925058e-09
3.929470e-09
3.934075e-09
3.938680e-09
3.943462e-09
3.948243e-09
3.953238e-09
3.958233e-09
3.963479e-09
3.968724e-09
3.974277e-09
3.979829e-09
3.985381e-09
3.990933e-09
3.996696e-09
4.002460e-09
4.008420e-09
4.014380e-09
4.020552e-09
4.026723e-09
4.033190e-09
4.039657e-09
4.046443e-09
4.053229e-09
4.060392e-09
4.067554e-09
4.075253e-09
4.082952e-09
4.091061e-09
4.099656e-09
4.108251e-09
4.117372e-09
4.127125e-09
4.136879e-09
4.146632e-09
4.157554e-09
4.168477e-09
4.179969e-09
4.191460e-09
4.203799e-09
4.216137e-09
4.229592e-09
4.243046e-09
4.257870e-09
4.273290e-09
4.289583e-09
4.306952e-09
4.325415e-09
4.345146e-09
4.366472e-09
4.389665e-09
4.414968e-09
4.429961e-09
4.444953e-09
4.462644e-09
4.483588e-09
4.511854e-09
4.523943e-09
4.536977e-09
4.550552e-09
4.565065e-09
4.581825e-09
4.600087e-09
4.625105e-09
4.645700e-09
4.666296e-09
4.687990e-09
4.711346e-09
4.724655e-09
4.739280e-09
4.754574e-09
4.773224e-09
4.794960e-09
4.823930e-09
4.833845e-09
4.845648e-09
4.857450e-09
4.869253e-09
4.881977e-09
4.895427e-09
4.910300e-09
4.925680e-09
4.944546e-09
4.966982e-09
4.991227e-09
