1.010049e-02
1.010194e-02
1.011501e-02
1.032362e-02
1.110607e-02
1.222457e-02
1.335067e-02
1.415643e-02
1.440983e-02
1.399663e-02
1.307051e-02
1.195176e-02
1.102005e-02
1.058894e-02
1.080336e-02
1.159374e-02
1.270109e-02
1.376430e-02
1.443992e-02
1.451506e-02
1.397600e-02
1.301061e-02
1.194443e-02
1.113207e-02
1.084023e-02
1.116092e-02
1.198294e-02
1.303068e-02
1.395647e-02
1.445579e-02
1.436694e-02
1.372277e-02
1.273783e-02
1.173580e-02
1.104190e-02
1.088054e-02
1.132612e-02
1.220813e-02
1.320393e-02
1.395364e-02
1.418686e-02
1.381658e-02
1.296771e-02
1.193097e-02
1.105896e-02
1.064183e-02
1.080604e-02
1.147179e-02
1.238328e-02
1.320038e-02
1.361894e-02
1.347715e-02
1.281076e-02
1.183836e-02
1.088271e-02
1.025630e-02
1.015879e-02
1.062514e-02
1.144477e-02
1.227528e-02
1.277299e-02
1.272259e-02
1.211680e-02
1.115686e-02
1.017417e-02
9.503978e-03
9.358844e-03
9.749925e-03
1.048504e-02
1.124341e-02
1.169809e-02
1.163929e-02
1.105218e-02
1.012023e-02
9.153830e-03
8.471814e-03
8.281135e-03
8.600115e-03
9.253666e-03
9.941494e-03
1.035274e-02
1.028333e-02
9.711669e-03
8.804774e-03
7.853134e-03
7.159798e-03
6.925977e-03
7.176328e-03
7.751658e-03
8.371029e-03
8.739069e-03
8.657502e-03
8.098816e-03
7.214707e-03
6.276860e-03
5.573159e-03
5.298966e-03
5.484512e-03
5.985369e-03
6.538890e-03
6.864578e-03
6.770057e-03
6.222609e-03
5.359716e-03
4.435301e-03
3.722677e-03
3.408689e-03
3.558059e-03
4.018548e-03
4.513597e-03
4.754972e-03
4.558779e-03
3.918179e-03
3.004076e-03
2.094345e-03
1.460884e-03
1.261775e-03
1.503758e-03
1.967604e-03
2.339299e-03
2.347619e-03
1.881440e-03
1.036072e-03
6.935537e-05
-7.122996e-04
-1.087590e-03
-1.015395e-03
-6.504244e-04
-2.736153e-04
-1.685404e-04
-4.981796e-04
-1.235576e-03
-2.177842e-03
-3.036415e-03
-3.563422e-03
-3.658840e-03
-3.412118e-03
-3.060992e-03
-2.886396e-03
-3.089878e-03
-3.706998e-03
-4.593889e-03
-5.491908e-03
-6.141361e-03
-6.394300e-03
-6.277397e-03
-5.978211e-03
-5.761730e-03
-5.854303e-03
-6.345766e-03
-7.152057e-03
-8.090991e-03
-8.842796e-03
-9.209049e-03
-9.175919e-03
-8.918299e-03
-8.714982e-03
-8.815955e-03
-9.324963e-03
-1.015246e-02
-1.106021e-02
-1.177540e-02
-1.211957e-02
-1.209143e-02
-1.186519e-02
-1.170625e-02
-1.184490e-02
-1.236831e-02
-1.318120e-02
-1.405303e-02
-1.472829e-02
-1.504716e-02
-1.501955e-02
-1.481821e-02
-1.469526e-02
-1.486236e-02
-1.539145e-02
-1.618262e-02
-1.701334e-02
-1.764476e-02
-1.793447e-02
-1.790228e-02
-1.771878e-02
-1.762304e-02
-1.780906e-02
-1.833489e-02
-1.909700e-02
-1.988105e-02
-2.046424e-02
-2.072412e-02
-2.066399e-02
-2.048323e-02
-2.043928e-02
-2.071461e-02
-2.132398e-02
-2.210900e-02
-2.282174e-02
-2.325324e-02
-2.334019e-02
-2.319549e-02
-2.304785e-02
-2.312275e-02
-2.352661e-02
-2.419368e-02
-2.492205e-02
-2.547909e-02
-2.572131e-02
-2.566677e-02
-2.548361e-02
-2.540167e-02
-2.559354e-02
-2.608665e-02
-2.675108e-02
-2.736829e-02
-2.774452e-02
-2.780989e-02
-2.765257e-02
-2.747139e-02
-2.747214e-02
-2.777900e-02
-2.834260e-02
-2.896437e-02
-2.941305e-02
-2.955290e-02
-2.941734e-02
-2.918802e-02
-2.909240e-02
-2.927726e-02
-2.972871e-02
-3.028202e-02
-3.071464e-02
-3.087000e-02
-3.074301e-02
-3.048075e-02
-3.029900e-02
-3.036199e-02
-3.069231e-02
-3.116032e-02
-3.155785e-02
-3.171427e-02
-3.159023e-02
-3.129751e-02
-3.103512e-02
-3.097804e-02
-3.118084e-02
-3.154909e-02
-3.189362e-02
-3.203626e-02
-3.190816e-02
-3.158621e-02
-3.124857e-02
-3.107467e-02
-3.115265e-02
-3.142349e-02
-3.169991e-02
-3.178827e-02
-3.160272e-02
-3.121424e-02
-3.080651e-02
-3.056595e-02
-3.057180e-02
-3.075084e-02
-3.092276e-02
-3.090790e-02
-3.063313e-02
-3.017337e-02
-2.970532e-02
-2.940175e-02
-2.932974e-02
-2.941260e-02
-2.947711e-02
-2.935699e-02
-2.899078e-02
-2.845654e-02
-2.792383e-02
-2.755243e-02
-2.739829e-02
-2.738201e-02
-2.733758e-02
-2.711145e-02
-2.665286e-02
-2.604225e-02
-2.544201e-02
-2.499952e-02
-2.476058e-02
-2.464379e-02
-2.449040e-02
-2.415897e-02
-2.360850e-02
-2.292116e-02
-2.225209e-02
-2.173697e-02
-2.141231e-02
-2.119537e-02
-2.092325e-02
-2.046284e-02
-1.978550e-02
-1.899191e-02
-1.824699e-02
-1.767548e-02
-1.728426e-02
-1.695981e-02
-1.654132e-02
-1.592235e-02
-1.511687e-02
-1.421696e-02
-1.342092e-02
-1.281941e-02
-1.236301e-02
-1.189772e-02
-1.127021e-02
-1.043109e-02
-9.466596e-03
-8.538572e-03
-7.774532e-03
-7.182493e-03
-6.647521e-03
-6.011052e-03
-5.178333e-03
-4.181293e-03
-3.107793e-03
-2.168093e-03
-1.419115e-03
-7.692366e-04
-4.813903e-05
8.666881e-04
1.960590e-03
3.094556e-03
4.109130e-03
4.941642e-03
5.670471e-03
6.455012e-03
7.417130e-03
8.552082e-03
9.733848e-03
1.080942e-02
1.171135e-02
1.250570e-02
1.334110e-02
1.433810e-02
1.550084e-02
1.671570e-02
1.783636e-02
1.882346e-02
1.969644e-02
2.060984e-02
2.168702e-02
2.292359e-02
2.419270e-02
2.534627e-02
2.633115e-02
2.722888e-02
2.818912e-02
2.931079e-02
3.056500e-02
3.181955e-02
3.294393e-02
3.391133e-02
3.481755e-02
3.580339e-02
3.694315e-02
3.818711e-02
3.940220e-02
4.047743e-02
4.141011e-02
4.230579e-02
4.329324e-02
4.442268e-02
4.562737e-02
4.677749e-02
4.778259e-02
4.866147e-02
4.957148e-02
5.059449e-02
5.175199e-02
5.294016e-02
5.402080e-02
5.494021e-02
5.577329e-02
5.665636e-02
5.766830e-02
5.876327e-02
5.981177e-02
6.071293e-02
6.148011e-02
6.222688e-02
6.306702e-02
6.401622e-02
6.497978e-02
6.583542e-02
6.653835e-02
6.715781e-02
6.781500e-02
6.857744e-02
6.940137e-02
7.017080e-02
7.079794e-02
7.129762e-02
7.179627e-02
7.237932e-02
7.305039e-02
7.370271e-02
7.422049e-02
7.458673e-02
7.489671e-02
7.526604e-02
7.572156e-02
7.617724e-02
7.651619e-02
7.669999e-02
7.680261e-02
7.693850e-02
7.715419e-02
7.738550e-02
7.751908e-02
7.749882e-02
7.737678e-02
7.726192e-02
7.721664e-02
7.719878e-02
7.710251e-02
7.685809e-02
7.649593e-02
7.611590e-02
7.579216e-02
7.550392e-02
7.513817e-02
7.462030e-02
7.396868e-02
7.328651e-02
7.265557e-02
7.205362e-02
7.137861e-02
7.055290e-02
6.960098e-02
6.862242e-02
6.768967e-02
6.677517e-02
6.578096e-02
6.463879e-02
6.337833e-02
6.209520e-02
6.085310e-02
5.962004e-02
5.830251e-02
5.684108e-02
5.526976e-02
5.368000e-02
5.212732e-02
5.057615e-02
4.893769e-02
4.716073e-02
4.528292e-02
4.339129e-02
4.145278e-02
3.950566e-02
3.745573e-02
3.526377e-02
3.298772e-02
3.071823e-02
2.847993e-02
2.620668e-02
2.381623e-02
2.130095e-02
1.873549e-02
1.619475e-02
1.367332e-02
1.096431e-02
8.122631e-03
5.179680e-03
2.229485e-03
-6.824569e-04
-3.610378e-03
-6.640124e-03
-9.785007e-03
-1.296976e-02
-1.611967e-02
-1.924704e-02
-2.243264e-02
-2.572646e-02
-2.908696e-02
-3.242999e-02
-3.572696e-02
-3.903503e-02
-4.242511e-02
-4.589502e-02
-4.955255e-02
-5.315118e-02
-5.672368e-02
-6.035313e-02
-6.406053e-02
-6.777533e-02
-7.142488e-02
-7.502444e-02
-7.865130e-02
-8.233920e-02
-8.603151e-02
-8.965223e-02
-9.320031e-02
-9.674470e-02
-1.003290e-01
-1.039111e-01
-1.074150e-01
-1.108248e-01
-1.141993e-01
-1.175890e-01
-1.209663e-01
-1.242579e-01
-1.275922e-01
-1.308565e-01
-1.341089e-01
-1.373226e-01
-1.404191e-01
-1.433727e-01
-1.462388e-01
-1.490671e-01
-1.518252e-01
-1.544393e-01
-1.568919e-01
-1.592382e-01
-1.615196e-01
-1.636993e-01
-1.657089e-01
-1.675383e-01
-1.693016e-01
-1.709650e-01
-1.724810e-01
-1.737835e-01
-1.748792e-01
-1.758276e-01
-1.766436e-01
-1.772685e-01
-1.776521e-01
-1.778198e-01
-1.778254e-01
-1.776635e-01
-1.772719e-01
-1.766192e-01
-1.757439e-01
-1.746894e-01
-1.734330e-01
-1.719157e-01
-1.701253e-01
-1.680064e-01
-1.656699e-01
-1.630719e-01
-1.601600e-01
-1.569530e-01
-1.535044e-01
-1.498119e-01
-1.458191e-01
-1.415049e-01
-1.369142e-01
-1.320828e-01
-1.269792e-01
-1.215569e-01
-1.158297e-01
-1.098495e-01
-1.036240e-01
-9.667086e-02
-8.936720e-02
-8.176476e-02
-7.390226e-02
-6.574580e-02
-5.726101e-02
-4.848530e-02
-3.947235e-02
-3.021093e-02
-2.066242e-02
-1.084718e-02
-8.257392e-04
9.388837e-03
1.983045e-02
3.104489e-02
4.243695e-02
5.397144e-02
6.567522e-02
7.754496e-02
8.951317e-02
1.015351e-01
1.136269e-01
1.257842e-01
1.379403e-01
1.500414e-01
1.620929e-01
1.740884e-01
1.859622e-01
1.976529e-01
2.091549e-01
2.204597e-01
2.315025e-01
2.422162e-01
2.525850e-01
2.625974e-01
2.721913e-01
2.812950e-01
2.898840e-01
2.979449e-01
3.054185e-01
3.125811e-01
3.189743e-01
3.245781e-01
3.293232e-01
3.331306e-01
3.359701e-01
3.378187e-01
3.386072e-01
3.382122e-01
3.365292e-01
3.335281e-01
3.291326e-01
3.228021e-01
3.147967e-01
3.050718e-01
2.935618e-01
2.802653e-01
2.651899e-01
2.483000e-01
2.315505e-01
2.133722e-01
1.937856e-01
1.702444e-01
1.479151e-01
1.243288e-01
9.953486e-02
7.007377e-02
4.232082e-02
1.359235e-02
-1.601592e-02
-4.982288e-02
-8.099705e-02
-1.125975e-01
-1.444747e-01
-1.818902e-01
-2.123759e-01
-2.425303e-01
-2.748780e-01
-3.119717e-01
-3.396586e-01
-3.660791e-01
-3.924654e-01
-4.162233e-01
-4.387735e-01
-4.586911e-01
-4.756772e-01
-4.892037e-01
-4.993269e-01
-5.058013e-01
-5.083782e-01
-5.063748e-01
-5.008402e-01
-4.916832e-01
-4.774425e-01
-4.570049e-01
-4.353201e-01
-4.097477e-01
-3.777063e-01
-3.384888e-01
-2.943705e-01
-2.456204e-01
-1.925687e-01
-1.356425e-01
-8.557963e-02
-3.354150e-02
2.008939e-02
7.755557e-02
1.357414e-01
1.940462e-01
2.518401e-01
3.084547e-01
3.631761e-01
4.152644e-01
4.639748e-01
5.085586e-01
5.482596e-01
5.823318e-01
6.100667e-01
6.308025e-01
6.439253e-01
6.488859e-01
6.462204e-01
6.368331e-01
6.205549e-01
5.972835e-01
5.669960e-01
5.297606e-01
4.857407e-01
4.351926e-01
3.784672e-01
3.130290e-01
2.419808e-01
1.660983e-01
8.627343e-02
3.508042e-03
-8.108615e-02
-1.662934e-01
-2.508129e-01
-3.332828e-01
-4.122987e-01
-4.864290e-01
-5.542368e-01
-6.143130e-01
-6.653116e-01
-7.059783e-01
-7.351767e-01
-7.504565e-01
-7.558121e-01
-7.508344e-01
-7.352513e-01
-7.089383e-01
-6.719285e-01
-6.244249e-01
-5.668105e-01
-4.996532e-01
-4.237057e-01
-3.399002e-01
-2.493446e-01
-1.533154e-01
-5.324708e-02
4.928522e-02
1.525905e-01
2.548887e-01
3.543391e-01
4.490693e-01
5.372097e-01
6.169320e-01
6.864919e-01
7.442709e-01
7.888165e-01
8.188791e-01
8.334503e-01
8.317997e-01
8.135082e-01
7.784947e-01
7.270347e-01
6.597710e-01
5.777187e-01
4.822634e-01
3.751493e-01
2.584560e-01
1.345628e-01
6.104946e-03
-1.240788e-01
-2.530040e-01
-3.776071e-01
-4.948197e-01
-6.016491e-01
-6.952601e-01
-7.730566e-01
-8.327580e-01
-8.724732e-01
-8.896965e-01
-8.898429e-01
-8.726013e-01
-8.380081e-01
-7.864574e-01
-7.187036e-01
-6.358581e-01
-5.393761e-01
-4.256306e-01
-3.012712e-01
-1.689999e-01
-3.176991e-02
1.072803e-01
2.448997e-01
3.778014e-01
5.027437e-01
6.166127e-01
7.165053e-01
7.998102e-01
8.642826e-01
9.081108e-01
9.299722e-01
9.290783e-01
9.052061e-01
8.587159e-01
7.905543e-01
7.022397e-01
5.958313e-01
4.738822e-01
3.393781e-01
1.956631e-01
4.635571e-02
-1.047452e-01
-2.537605e-01
-3.968360e-01
-5.302481e-01
-6.505063e-01
-7.544498e-01
-8.393349e-01
-9.029109e-01
-9.434831e-01
-9.599604e-01
-9.518870e-01
-9.194547e-01
-8.634972e-01
-7.854646e-01
-6.873818e-01
-5.717906e-01
-4.416782e-01
-3.003937e-01
-1.515556e-01
1.048652e-03
1.535668e-01
3.021860e-01
4.432335e-01
5.732723e-01
6.891864e-01
7.882572e-01
8.682265e-01
9.273461e-01
9.644130e-01
9.787869e-01
9.703923e-01
9.397054e-01
8.877251e-01
8.159336e-01
7.262435e-01
6.209376e-01
5.026002e-01
3.740424e-01
2.382256e-01
9.818325e-02
-4.305393e-02
-1.825296e-01
-3.174270e-01
-4.451277e-01
-5.632624e-01
-6.697532e-01
-7.628459e-01
-8.411329e-01
-9.035651e-01
-9.494549e-01
-9.784692e-01
-9.906152e-01
-9.862200e-01
-9.659030e-01
-9.305446e-01
-8.812503e-01
-8.193121e-01
-7.461692e-01
-6.633676e-01
-5.725216e-01
-4.752772e-01
-3.732781e-01
-2.681341e-01
-1.613930e-01
-5.451632e-02
5.114149e-02
1.543489e-01
2.540092e-01
3.491678e-01
4.390162e-01
5.257301e-01
6.054738e-01
6.778372e-01
7.425626e-01
7.995344e-01
8.506521e-01
8.935221e-01
9.284121e-01
9.556900e-01
9.765395e-01
9.901706e-01
9.972317e-01
9.983458e-01
9.938967e-01
9.846924e-01
9.707589e-01
9.533562e-01
9.324578e-01
9.096590e-01
8.845979e-01
8.592972e-01
8.329887e-01
8.072474e-01
7.829302e-01
7.610807e-01
7.429603e-01
7.301973e-01
7.254391e-01
7.364259e-01
7.577852e-01
7.832101e-01
8.144391e-01
8.428486e-01
8.729554e-01
9.034455e-01
9.286267e-01
9.518226e-01
9.717749e-01
9.871026e-01
9.963201e-01
9.981840e-01
9.935133e-01
9.813247e-01
9.606639e-01
9.306376e-01
8.904493e-01
8.394383e-01
7.771232e-01
7.137850e-01
6.417565e-01
5.612039e-01
4.724852e-01
3.761665e-01
2.730347e-01
1.641049e-01
5.062318e-02
-6.593828e-02
-1.838927e-01
-3.013591e-01
-4.162916e-01
-5.265178e-01
-6.297857e-01
-7.126904e-01
-7.870102e-01
-8.512946e-01
-9.041849e-01
-9.444506e-01
-9.710260e-01
-9.830450e-01
-9.798735e-01
-9.611380e-01
-9.267498e-01
-8.769216e-01
-8.121787e-01
-7.333616e-01
-6.416202e-01
-5.384002e-01
-4.254202e-01
-3.046413e-01
-1.782283e-01
-4.850414e-02
8.210085e-02
2.111049e-01
3.360327e-01
4.544742e-01
5.641423e-01
6.629285e-01
7.489523e-01
8.206068e-01
8.765955e-01
9.159612e-01
9.381052e-01
9.427970e-01
9.301737e-01
9.007295e-01
8.552957e-01
7.950136e-01
7.212985e-01
6.357993e-01
5.403526e-01
4.369346e-01
3.276102e-01
2.144837e-01
9.964983e-02
-1.485177e-02
-1.270778e-01
-2.352182e-01
-3.376267e-01
-4.328461e-01
-5.196271e-01
-5.969409e-01
-6.639858e-01
-7.201874e-01
-7.651938e-01
-7.988660e-01
-8.212644e-01
-8.326316e-01
-8.333736e-01
-8.240384e-01
-8.052941e-01
-7.779058e-01
-7.427134e-01
-7.006094e-01
-6.525182e-01
-5.974820e-01
-5.380771e-01
-4.753131e-01
-4.101609e-01
-3.435400e-01
-2.763080e-01
-2.092523e-01
-1.430850e-01
-7.843967e-02
-1.586992e-02
4.415046e-02
1.012258e-01
1.573891e-01
2.097034e-01
2.579658e-01
3.042191e-01
3.457709e-01
3.838298e-01
4.169133e-01
4.451475e-01
4.687081e-01
4.878100e-01
5.026981e-01
5.136399e-01
5.209177e-01
5.249195e-01
5.255848e-01
5.232445e-01
5.179455e-01
5.100795e-01
4.995597e-01
4.869960e-01
4.720479e-01
4.555811e-01
4.370016e-01
4.174285e-01
3.959554e-01
3.740036e-01
3.518360e-01
3.296777e-01
3.068879e-01
2.844882e-01
2.618857e-01
2.399773e-01
2.181267e-01
1.972022e-01
1.763278e-01
1.565682e-01
1.370523e-01
1.187866e-01
1.008478e-01
8.425622e-02
6.787703e-02
5.294259e-02
3.869758e-02
2.516858e-02
1.314916e-02
1.925893e-03
-8.469275e-03
-1.735111e-02
-2.486129e-02
-3.180950e-02
-3.738029e-02
-4.193174e-02
-4.530913e-02
-4.780608e-02
-4.930230e-02
-4.997455e-02
-4.981797e-02
-4.887100e-02
-4.721099e-02
-4.489681e-02
-4.198406e-02
-3.856920e-02
-3.473786e-02
-3.056073e-02
-2.614121e-02
-2.161481e-02
-1.912270e-02
-1.678970e-02
-1.425232e-02
-1.155689e-02
-8.443810e-03
-7.289136e-03
-6.157768e-03
-5.098071e-03
-4.091981e-03
-3.081958e-03
-2.151197e-03
-1.131407e-03
-4.844495e-04
1.432783e-05
4.041088e-04
6.950372e-04
8.113112e-04
9.039163e-04
9.674457e-04
1.006442e-03
1.009685e-03
9.623984e-04
9.374787e-04
9.015171e-04
8.628108e-04
8.201471e-04
7.726555e-04
7.203532e-04
6.620822e-04
6.021213e-04
5.303722e-04
4.494297e-04
3.689578e-04
