9.999490e-01
9.999490e-01
9.999488e-01
9.999464e-01
9.999372e-01
9.999239e-01
9.999101e-01
9.998998e-01
9.998956e-01
9.998995e-01
9.999099e-01
9.999234e-01
9.999355e-01
9.999422e-01
9.999412e-01
9.999328e-01
9.999193e-01
9.999050e-01
9.998942e-01
9.998901e-01
9.998939e-01
9.999040e-01
9.999172e-01
9.999290e-01
9.999355e-01
9.999345e-01
9.999261e-01
9.999129e-01
9.998988e-01
9.998881e-01
9.998841e-01
9.998877e-01
9.998976e-01
9.999104e-01
9.999219e-01
9.999283e-01
9.999269e-01
9.999178e-01
9.999040e-01
9.998899e-01
9.998801e-01
9.998776e-01
9.998830e-01
9.998943e-01
9.999072e-01
9.999173e-01
9.999209e-01
9.999165e-01
9.999054e-01
9.998912e-01
9.998784e-01
9.998710e-01
9.998714e-01
9.998791e-01
9.998911e-01
9.999033e-01
9.999113e-01
9.999115e-01
9.999035e-01
9.998900e-01
9.998757e-01
9.998653e-01
9.998624e-01
9.998677e-01
9.998789e-01
9.998916e-01
9.999009e-01
9.999031e-01
9.998971e-01
9.998848e-01
9.998703e-01
9.998587e-01
9.998537e-01
9.998569e-01
9.998667e-01
9.998792e-01
9.998895e-01
9.998935e-01
9.998894e-01
9.998785e-01
9.998643e-01
9.998517e-01
9.998449e-01
9.998459e-01
9.998541e-01
9.998660e-01
9.998770e-01
9.998826e-01
9.998806e-01
9.998712e-01
9.998575e-01
9.998442e-01
9.998357e-01
9.998346e-01
9.998410e-01
9.998521e-01
9.998634e-01
9.998705e-01
9.998703e-01
9.998627e-01
9.998498e-01
9.998362e-01
9.998262e-01
9.998231e-01
9.998275e-01
9.998375e-01
9.998492e-01
9.998574e-01
9.998585e-01
9.998515e-01
9.998388e-01
9.998247e-01
9.998143e-01
9.998110e-01
9.998157e-01
9.998259e-01
9.998376e-01
9.998449e-01
9.998443e-01
9.998354e-01
9.998214e-01
9.998076e-01
9.997991e-01
9.997989e-01
9.998064e-01
9.998178e-01
9.998277e-01
9.998314e-01
9.998266e-01
9.998148e-01
9.998003e-01
9.997885e-01
9.997837e-01
9.997873e-01
9.997969e-01
9.998080e-01
9.998151e-01
9.998146e-01
9.998061e-01
9.997924e-01
9.997787e-01
9.997699e-01
9.997690e-01
9.997756e-01
9.997862e-01
9.997956e-01
9.997992e-01
9.997946e-01
9.997832e-01
9.997689e-01
9.997571e-01
9.997517e-01
9.997550e-01
9.997646e-01
9.997751e-01
9.997809e-01
9.997785e-01
9.997680e-01
9.997534e-01
9.997404e-01
9.997339e-01
9.997359e-01
9.997445e-01
9.997549e-01
9.997612e-01
9.997597e-01
9.997502e-01
9.997359e-01
9.997223e-01
9.997148e-01
9.997155e-01
9.997231e-01
9.997331e-01
9.997399e-01
9.997393e-01
9.997306e-01
9.997167e-01
9.997028e-01
9.996942e-01
9.996936e-01
9.997002e-01
9.997098e-01
9.997169e-01
9.997171e-01
9.997093e-01
9.996958e-01
9.996816e-01
9.996720e-01
9.996702e-01
9.996760e-01
9.996856e-01
9.996926e-01
9.996924e-01
9.996835e-01
9.996690e-01
9.996546e-01
9.996461e-01
9.996461e-01
9.996531e-01
9.996621e-01
9.996671e-01
9.996642e-01
9.996532e-01
9.996381e-01
9.996248e-01
9.996184e-01
9.996203e-01
9.996280e-01
9.996360e-01
9.996387e-01
9.996331e-01
9.996204e-01
9.996052e-01
9.995933e-01
9.995890e-01
9.995925e-01
9.996004e-01
9.996069e-01
9.996072e-01
9.995987e-01
9.995839e-01
9.995687e-01
9.995591e-01
9.995581e-01
9.995641e-01
9.995718e-01
9.995749e-01
9.995696e-01
9.995566e-01
9.995407e-01
9.995281e-01
9.995233e-01
9.995266e-01
9.995338e-01
9.995389e-01
9.995367e-01
9.995262e-01
9.995105e-01
9.994958e-01
9.994874e-01
9.994873e-01
9.994931e-01
9.994992e-01
9.994998e-01
9.994921e-01
9.994777e-01
9.994617e-01
9.994501e-01
9.994464e-01
9.994499e-01
9.994560e-01
9.994588e-01
9.994537e-01
9.994405e-01
9.994237e-01
9.994096e-01
9.994033e-01
9.994051e-01
9.994108e-01
9.994138e-01
9.994093e-01
9.993966e-01
9.993796e-01
9.993647e-01
9.993570e-01
9.993574e-01
9.993622e-01
9.993653e-01
9.993613e-01
9.993490e-01
9.993319e-01
9.993162e-01
9.993070e-01
9.993061e-01
9.993100e-01
9.993129e-01
9.993093e-01
9.992974e-01
9.992803e-01
9.992638e-01
9.992533e-01
9.992508e-01
9.992538e-01
9.992563e-01
9.992530e-01
9.992416e-01
9.992245e-01
9.992072e-01
9.991953e-01
9.991914e-01
9.991932e-01
9.991953e-01
9.991922e-01
9.991812e-01
9.991634e-01
9.991449e-01
9.991319e-01
9.991272e-01
9.991283e-01
9.991295e-01
9.991247e-01
9.991116e-01
9.990928e-01
9.990743e-01
9.990619e-01
9.990575e-01
9.990583e-01
9.990576e-01
9.990494e-01
9.990328e-01
9.990121e-01
9.989943e-01
9.989843e-01
9.989820e-01
9.989820e-01
9.989776e-01
9.989648e-01
9.989450e-01
9.989241e-01
9.989086e-01
9.989013e-01
9.988998e-01
9.988970e-01
9.988862e-01
9.988668e-01
9.988438e-01
9.988249e-01
9.988146e-01
9.988113e-01
9.988083e-01
9.987985e-01
9.987798e-01
9.987561e-01
9.987349e-01
9.987217e-01
9.987162e-01
9.987125e-01
9.987035e-01
9.986856e-01
9.986615e-01
9.986383e-01
9.986221e-01
9.986140e-01
9.986090e-01
9.985996e-01
9.985811e-01
9.985555e-01
9.985302e-01
9.985121e-01
9.985024e-01
9.984960e-01
9.984850e-01
9.984649e-01
9.984381e-01
9.984118e-01
9.983927e-01
9.983818e-01
9.983738e-01
9.983610e-01
9.983393e-01
9.983112e-01
9.982838e-01
9.982636e-01
9.982513e-01
9.982416e-01
9.982270e-01
9.982036e-01
9.981740e-01
9.981455e-01
9.981240e-01
9.981103e-01
9.980987e-01
9.980810e-01
9.980539e-01
9.980209e-01
9.979905e-01
9.979686e-01
9.979537e-01
9.979384e-01
9.979154e-01
9.978836e-01
9.978489e-01
9.978195e-01
9.977988e-01
9.977826e-01
9.977630e-01
9.977345e-01
9.976988e-01
9.976635e-01
9.976353e-01
9.976148e-01
9.975960e-01
9.975712e-01
9.975374e-01
9.974989e-01
9.974636e-01
9.974363e-01
9.974150e-01
9.973911e-01
9.973584e-01
9.973175e-01
9.972757e-01
9.972410e-01
9.972144e-01
9.971893e-01
9.971572e-01
9.971158e-01
9.970708e-01
9.970307e-01
9.969990e-01
9.969715e-01
9.969394e-01
9.968981e-01
9.968507e-01
9.968054e-01
9.967681e-01
9.967369e-01
9.967040e-01
9.966628e-01
9.966137e-01
9.965638e-01
9.965205e-01
9.964847e-01
9.964500e-01
9.964085e-01
9.963583e-01
9.963022e-01
9.962514e-01
9.962089e-01
9.961692e-01
9.961235e-01
9.960681e-01
9.960085e-01
9.959533e-01
9.959064e-01
9.958627e-01
9.958135e-01
9.957549e-01
9.956913e-01
9.956316e-01
9.955799e-01
9.955319e-01
9.954789e-01
9.954166e-01
9.953489e-01
9.952844e-01
9.952276e-01
9.951749e-01
9.951177e-01
9.950514e-01
9.949793e-01
9.949096e-01
9.948474e-01
9.947895e-01
9.947249e-01
9.946506e-01
9.945701e-01
9.944926e-01
9.944229e-01
9.943567e-01
9.942848e-01
9.942032e-01
9.941170e-01
9.940350e-01
9.939605e-01
9.938877e-01
9.938079e-01
9.937143e-01
9.936178e-01
9.935276e-01
9.934441e-01
9.933587e-01
9.932634e-01
9.931603e-01
9.930588e-01
9.929650e-01
9.928744e-01
9.927775e-01
9.926703e-01
9.925592e-01
9.924533e-01
9.923540e-01
9.922535e-01
9.921438e-01
9.920256e-01
9.919078e-01
9.917911e-01
9.916781e-01
9.915580e-01
9.914270e-01
9.912925e-01
9.911641e-01
9.910412e-01
9.909140e-01
9.907758e-01
9.906313e-01
9.904904e-01
9.903561e-01
9.902205e-01
9.900747e-01
9.899202e-01
9.897666e-01
9.896196e-01
9.894739e-01
9.893199e-01
9.891555e-01
9.889889e-01
9.888280e-01
9.886627e-01
9.884902e-01
9.883059e-01
9.881175e-01
9.879345e-01
9.877551e-01
9.875689e-01
9.873708e-01
9.871681e-01
9.869700e-01
9.867756e-01
9.865746e-01
9.863617e-01
9.861434e-01
9.859293e-01
9.857186e-01
9.854936e-01
9.852557e-01
9.850123e-01
9.847731e-01
9.845364e-01
9.842914e-01
9.840338e-01
9.837718e-01
9.835141e-01
9.832572e-01
9.829907e-01
9.827120e-01
9.824300e-01
9.821520e-01
9.818733e-01
9.815838e-01
9.812825e-01
9.809789e-01
9.806788e-01
9.803617e-01
9.800313e-01
9.796896e-01
9.793474e-01
9.790077e-01
9.786609e-01
9.782996e-01
9.779301e-01
9.775620e-01
9.771936e-01
9.768141e-01
9.764205e-01
9.760220e-01
9.756253e-01
9.752243e-01
9.748095e-01
9.743542e-01
9.738969e-01
9.734393e-01
9.729700e-01
9.724839e-01
9.719906e-01
9.714976e-01
9.709972e-01
9.704797e-01
9.699497e-01
9.694177e-01
9.688821e-01
9.683317e-01
9.677646e-01
9.671618e-01
9.665566e-01
9.659379e-01
9.652992e-01
9.646502e-01
9.639982e-01
9.633344e-01
9.626501e-01
9.619521e-01
9.612497e-01
9.605373e-01
9.598043e-01
9.590544e-01
9.582980e-01
9.575329e-01
9.567480e-01
9.559432e-01
9.551292e-01
9.543072e-01
9.534665e-01
9.526038e-01
9.517285e-01
9.508451e-01
9.499445e-01
9.490205e-01
9.480803e-01
9.470790e-01
9.460598e-01
9.450138e-01
9.439475e-01
9.428693e-01
9.417721e-01
9.406471e-01
9.395003e-01
9.382719e-01
9.370205e-01
9.357368e-01
9.344286e-01
9.330043e-01
9.315479e-01
9.300539e-01
9.285343e-01
9.269890e-01
9.254049e-01
9.237857e-01
9.223072e-01
9.208028e-01
9.192644e-01
9.175117e-01
9.159315e-01
9.143229e-01
9.126791e-01
9.107829e-01
9.090449e-01
9.072742e-01
9.054653e-01
9.034176e-01
9.015383e-01
8.996228e-01
8.976673e-01
8.953375e-01
8.933984e-01
8.914232e-01
8.892222e-01
8.865713e-01
8.844723e-01
8.823336e-01
8.800225e-01
8.777409e-01
8.753160e-01
8.728429e-01
8.703228e-01
8.678087e-01
8.652535e-01
8.626495e-01
8.599983e-01
8.569993e-01
8.545386e-01
8.520365e-01
8.492618e-01
8.462240e-01
8.435882e-01
8.409097e-01
8.379615e-01
8.347571e-01
8.315019e-01
8.281879e-01
8.248146e-01
8.213888e-01
8.184904e-01
8.155496e-01
8.125653e-01
8.093942e-01
8.061821e-01
8.029250e-01
7.996186e-01
7.962649e-01
7.928681e-01
7.894275e-01
7.859380e-01
7.823981e-01
7.788119e-01
7.751818e-01
7.715044e-01
7.677757e-01
7.639971e-01
7.601728e-01
7.568177e-01
7.534252e-01
7.499933e-01
7.465233e-01
7.430180e-01
7.394785e-01
7.359023e-01
7.322868e-01
7.286322e-01
7.247712e-01
7.208724e-01
7.169344e-01
7.129542e-01
7.089309e-01
7.048673e-01
7.007658e-01
6.966261e-01
6.924451e-01
6.882215e-01
6.839574e-01
6.796556e-01
6.753167e-01
6.709384e-01
6.665187e-01
6.620586e-01
6.581561e-01
6.542267e-01
6.502698e-01
6.462838e-01
6.422679e-01
6.382229e-01
6.341508e-01
6.300530e-01
6.259295e-01
6.217791e-01
6.176008e-01
6.133947e-01
6.091628e-01
6.049068e-01
6.006274e-01
5.963239e-01
5.919950e-01
5.876406e-01
5.832621e-01
5.788613e-01
5.744397e-01
5.699972e-01
5.655329e-01
5.610461e-01
5.565374e-01
5.520087e-01
5.474619e-01
5.428978e-01
5.383160e-01
5.337158e-01
5.290971e-01
5.244610e-01
5.198095e-01
5.151444e-01
5.104662e-01
5.057745e-01
5.010688e-01
4.963493e-01
4.916176e-01
4.868757e-01
4.821251e-01
4.773665e-01
4.725994e-01
4.678235e-01
4.630394e-01
4.582485e-01
4.540491e-01
4.498472e-01
4.456432e-01
4.414373e-01
4.372293e-01
4.330191e-01
4.288074e-01
4.245954e-01
4.201844e-01
4.157758e-01
4.113701e-01
4.069676e-01
4.025681e-01
3.981716e-01
3.937791e-01
3.893917e-01
3.850109e-01
3.806380e-01
3.762737e-01
3.719179e-01
3.675707e-01
3.632322e-01
3.589032e-01
3.545847e-01
3.502783e-01
3.459851e-01
3.417059e-01
3.374407e-01
3.331896e-01
3.289524e-01
3.247300e-01
3.205231e-01
3.163333e-01
3.121616e-01
3.080088e-01
3.038751e-01
2.997603e-01
2.956645e-01
2.915879e-01
2.875313e-01
2.834958e-01
2.794824e-01
2.754921e-01
2.715251e-01
2.675812e-01
2.636604e-01
2.597625e-01
2.558880e-01
2.520376e-01
2.482123e-01
2.444129e-01
2.406400e-01
2.368933e-01
2.331727e-01
2.294777e-01
2.258084e-01
2.221651e-01
2.185485e-01
2.149594e-01
2.113984e-01
2.078654e-01
2.043603e-01
2.008824e-01
1.974313e-01
1.940071e-01
1.906099e-01
1.872404e-01
1.838990e-01
1.805860e-01
1.773012e-01
1.740440e-01
1.708139e-01
1.676103e-01
1.644330e-01
1.612823e-01
1.581584e-01
1.550617e-01
1.519923e-01
1.489496e-01
1.459331e-01
1.429418e-01
1.399753e-01
1.370333e-01
1.341157e-01
1.312229e-01
1.283549e-01
1.255116e-01
1.226925e-01
1.198966e-01
1.171230e-01
1.143712e-01
1.116406e-01
1.089314e-01
1.062435e-01
1.035770e-01
1.009315e-01
9.830626e-02
9.570036e-02
9.311281e-02
9.054281e-02
8.798995e-02
8.545408e-02
8.284676e-02
8.025742e-02
7.768550e-02
7.513003e-02
7.258978e-02
6.995858e-02
6.734164e-02
6.473841e-02
6.214866e-02
5.945837e-02
5.678176e-02
5.411756e-02
5.135775e-02
4.860764e-02
4.586572e-02
4.298968e-02
4.012104e-02
3.713750e-02
3.415927e-02
3.103282e-02
2.790593e-02
2.457029e-02
2.109405e-02
1.743804e-02
1.355533e-02
9.372833e-03
4.752237e-03
-6.334378e-04
-8.004141e-03
-1.373820e-02
-1.859677e-02
-2.355375e-02
-2.763711e-02
-3.179830e-02
-3.604589e-02
-3.975016e-02
-4.352904e-02
-4.738715e-02
-5.132915e-02
-5.536042e-02
-5.886362e-02
-6.244029e-02
-6.609477e-02
-6.983116e-02
-7.365322e-02
-7.756462e-02
-8.156928e-02
-8.567161e-02
-8.930866e-02
-9.302616e-02
-9.682755e-02
-1.007161e-01
-1.046948e-01
-1.087665e-01
-1.129342e-01
-1.172008e-01
-1.215697e-01
-1.260444e-01
-1.306286e-01
-1.353260e-01
-1.401400e-01
-1.450738e-01
-1.494938e-01
-1.540097e-01
-1.586236e-01
-1.633373e-01
-1.681530e-01
-1.730726e-01
-1.780984e-01
-1.832322e-01
-1.884758e-01
-1.938307e-01
-1.992984e-01
-2.048799e-01
-2.105764e-01
-2.163888e-01
-2.223182e-01
-2.283654e-01
-2.345313e-01
-2.408166e-01
-2.472216e-01
-2.537464e-01
-2.603909e-01
-2.671546e-01
-2.740369e-01
-2.810369e-01
-2.881539e-01
-2.953867e-01
-3.027342e-01
-3.101951e-01
-3.177677e-01
-3.254499e-01
-3.332396e-01
-3.411340e-01
-3.491305e-01
-3.572261e-01
-3.654178e-01
-3.737025e-01
-3.820769e-01
-3.905375e-01
-3.990807e-01
-4.077023e-01
-4.163981e-01
-4.251635e-01
-4.339942e-01
-4.428853e-01
-4.518323e-01
-4.608305e-01
-4.698751e-01
-4.789609e-01
-4.880828e-01
-4.972354e-01
-5.064132e-01
-5.156106e-01
-5.248221e-01
-5.340424e-01
-5.432659e-01
-5.524871e-01
-5.617006e-01
-5.709004e-01
-5.800809e-01
-5.892363e-01
-5.983609e-01
-6.074490e-01
-6.168040e-01
-6.261082e-01
-6.353557e-01
-6.445406e-01
-6.536566e-01
-6.626980e-01
-6.716591e-01
-6.805343e-01
-6.893185e-01
-6.980063e-01
-7.065928e-01
-7.150729e-01
-7.238177e-01
-7.324357e-01
-7.409220e-01
-7.497017e-01
-7.583256e-01
-7.670837e-01
-7.756647e-01
-7.840638e-01
-7.922768e-01
-8.003003e-01
-8.081312e-01
-8.157667e-01
-8.232046e-01
-8.307506e-01
-8.380778e-01
-8.451851e-01
-8.523695e-01
-8.593141e-01
-8.662714e-01
-8.729721e-01
-8.797006e-01
-8.861544e-01
-8.926403e-01
-8.988323e-01
-9.050726e-01
-9.109976e-01
-9.166158e-01
-9.219363e-01
-9.271543e-01
-9.320721e-01
-9.368543e-01
-9.413408e-01
-9.456885e-01
-9.497475e-01
-9.537072e-01
-9.573827e-01
-9.609519e-01
-9.642446e-01
-9.674400e-01
-9.703676e-01
-9.732380e-01
-9.758446e-01
-9.783288e-01
-9.806948e-01
-9.828120e-01
-9.848137e-01
-9.867040e-01
-9.883649e-01
-9.898229e-01
-9.912440e-01
-9.924698e-01
-9.935773e-01
-9.945237e-01
-9.953868e-01
-9.961150e-01
-9.967796e-01
-9.973311e-01
-9.978306e-01
-9.982516e-01
-9.986083e-01
-9.989090e-01
-9.991578e-01
-9.993615e-01
-9.995266e-01
-9.996582e-01
-9.997604e-01
-9.998059e-01
-9.998427e-01
-9.998773e-01
-9.999086e-01
-9.999386e-01
-9.999482e-01
-9.999568e-01
-9.999643e-01
-9.999709e-01
-9.999770e-01
-9.999822e-01
-9.999875e-01
-9.999906e-01
-9.999930e-01
-9.999948e-01
-9.999963e-01
-9.999969e-01
-9.999975e-01
-9.999980e-01
-9.999984e-01
-9.999988e-01
-9.999992e-01
-9.999993e-01
-9.999994e-01
-9.999995e-01
-9.999996e-01
-9.999997e-01
-9.999997e-01
-9.999998e-01
-9.999998e-01
-9.999999e-01
-9.999999e-01
-9.999999e-01
